structure(list(cod = c(11L, 11L, 11L, 11L, 11L, 11L, 11L, 11L, 
11L, 11L, 11L, 11L, 11L, 11L, 11L, 11L, 11L, 11L, 12L, 12L, 12L, 
12L, 12L, 12L, 12L, 12L, 12L, 12L, 12L, 12L, 12L, 12L, 12L, 12L, 
12L, 12L, 13L, 13L, 13L, 13L, 13L, 13L, 13L, 13L, 13L, 13L, 13L, 
13L, 13L, 13L, 13L, 13L, 13L, 13L, 14L, 14L, 14L, 14L, 14L, 14L, 
14L, 14L, 14L, 14L, 14L, 14L, 14L, 14L, 14L, 14L, 14L, 14L, 15L, 
15L, 15L, 15L, 15L, 15L, 15L, 15L, 15L, 15L, 15L, 15L, 15L, 15L, 
15L, 15L, 15L, 15L, 16L, 16L, 16L, 16L, 16L, 16L, 16L, 16L, 16L, 
16L, 16L, 16L, 16L, 16L, 16L, 16L, 16L, 16L, 17L, 17L, 17L, 17L, 
17L, 17L, 17L, 17L, 17L, 17L, 17L, 17L, 17L, 17L, 17L, 17L, 17L, 
17L, 21L, 21L, 21L, 21L, 21L, 21L, 21L, 21L, 21L, 21L, 21L, 21L, 
21L, 21L, 21L, 21L, 21L, 21L, 22L, 22L, 22L, 22L, 22L, 22L, 22L, 
22L, 22L, 22L, 22L, 22L, 22L, 22L, 22L, 22L, 22L, 22L, 23L, 23L, 
23L, 23L, 23L, 23L, 23L, 23L, 23L, 23L, 23L, 23L, 23L, 23L, 23L, 
23L, 23L, 23L, 24L, 24L, 24L, 24L, 24L, 24L, 24L, 24L, 24L, 24L, 
24L, 24L, 24L, 24L, 24L, 24L, 24L, 24L, 25L, 25L, 25L, 25L, 25L, 
25L, 25L, 25L, 25L, 25L, 25L, 25L, 25L, 25L, 25L, 25L, 25L, 25L, 
26L, 26L, 26L, 26L, 26L, 26L, 26L, 26L, 26L, 26L, 26L, 26L, 26L, 
26L, 26L, 26L, 26L, 26L, 27L, 27L, 27L, 27L, 27L, 27L, 27L, 27L, 
27L, 27L, 27L, 27L, 27L, 27L, 27L, 27L, 27L, 27L, 28L, 28L, 28L, 
28L, 28L, 28L, 28L, 28L, 28L, 28L, 28L, 28L, 28L, 28L, 28L, 28L, 
28L, 28L, 29L, 29L, 29L, 29L, 29L, 29L, 29L, 29L, 29L, 29L, 29L, 
29L, 29L, 29L, 29L, 29L, 29L, 29L, 31L, 31L, 31L, 31L, 31L, 31L, 
31L, 31L, 31L, 31L, 31L, 31L, 31L, 31L, 31L, 31L, 31L, 31L, 32L, 
32L, 32L, 32L, 32L, 32L, 32L, 32L, 32L, 32L, 32L, 32L, 32L, 32L, 
32L, 32L, 32L, 32L, 33L, 33L, 33L, 33L, 33L, 33L, 33L, 33L, 33L, 
33L, 33L, 33L, 33L, 33L, 33L, 33L, 33L, 33L, 35L, 35L, 35L, 35L, 
35L, 35L, 35L, 35L, 35L, 35L, 35L, 35L, 35L, 35L, 35L, 35L, 35L, 
35L, 41L, 41L, 41L, 41L, 41L, 41L, 41L, 41L, 41L, 41L, 41L, 41L, 
41L, 41L, 41L, 41L, 41L, 41L, 42L, 42L, 42L, 42L, 42L, 42L, 42L, 
42L, 42L, 42L, 42L, 42L, 42L, 42L, 42L, 42L, 42L, 42L, 43L, 43L, 
43L, 43L, 43L, 43L, 43L, 43L, 43L, 43L, 43L, 43L, 43L, 43L, 43L, 
43L, 43L, 43L, 50L, 50L, 50L, 50L, 50L, 50L, 50L, 50L, 50L, 50L, 
50L, 50L, 50L, 50L, 50L, 50L, 50L, 50L, 51L, 51L, 51L, 51L, 51L, 
51L, 51L, 51L, 51L, 51L, 51L, 51L, 51L, 51L, 51L, 51L, 51L, 51L, 
52L, 52L, 52L, 52L, 52L, 52L, 52L, 52L, 52L, 52L, 52L, 52L, 52L, 
52L, 52L, 52L, 52L, 52L, 53L, 53L, 53L, 53L, 53L, 53L, 53L, 53L, 
53L, 53L, 53L, 53L, 53L, 53L, 53L, 53L, 53L, 53L), pop1 = c(10026L, 
33801L, 37658L, 33235L, 28180L, 24429L, 20321L, 16385L, 13072L, 
11596L, 8930L, 7746L, 5486L, 3785L, 2540L, 1190L, 538L, 224L, 
6208L, 21972L, 23979L, 20551L, 16865L, 13555L, 11082L, 8444L, 
6987L, 6321L, 4724L, 4319L, 3347L, 2331L, 2126L, 1151L, 563L, 
354L, 29328L, 105112L, 111384L, 94045L, 79099L, 64665L, 51902L, 
40637L, 32885L, 29906L, 22570L, 18644L, 13903L, 10124L, 8661L, 
4940L, 2542L, 1145L, 1568L, 5480L, 5777L, 4873L, 4332L, 3764L, 
3506L, 2845L, 2002L, 1710L, 1355L, 1270L, 1004L, 686L, 469L, 
281L, 121L, 70L, 65088L, 235234L, 257427L, 224097L, 186918L, 
159596L, 128077L, 99147L, 83120L, 73333L, 56143L, 46833L, 33444L, 
24492L, 23267L, 14177L, 7755L, 4071L, 3675L, 13327L, 14250L, 
11940L, 9612L, 7386L, 5833L, 4340L, 4011L, 3353L, 2706L, 2073L, 
1529L, 1013L, 998L, 808L, 450L, 154L, 13858L, 51576L, 57092L, 
50800L, 41150L, 30387L, 24921L, 21329L, 18337L, 17179L, 13542L, 
11213L, 8421L, 6134L, 5508L, 3650L, 1971L, 666L, 80576L, 273502L, 
293914L, 261723L, 218924L, 163565L, 130590L, 109238L, 95227L, 
88721L, 68454L, 56452L, 42728L, 33350L, 32367L, 22288L, 12369L, 
5176L, 39024L, 140656L, 158555L, 147499L, 125002L, 84645L, 64453L, 
54921L, 46733L, 41777L, 33062L, 29662L, 23213L, 17738L, 17327L, 
12011L, 7714L, 3981L, 88873L, 313413L, 365793L, 359502L, 313166L, 
204383L, 160928L, 142644L, 118589L, 110954L, 82244L, 81195L, 
67643L, 47368L, 44908L, 31807L, 21956L, 15347L, 30660L, 109400L, 
127532L, 127010L, 113841L, 76871L, 55942L, 51286L, 41927L, 37975L, 
28038L, 29541L, 25984L, 20799L, 19701L, 13396L, 9315L, 6706L, 
46076L, 165079L, 194702L, 186143L, 158405L, 99178L, 75727L, 66797L, 
57737L, 55409L, 41266L, 42488L, 38402L, 31316L, 31200L, 20074L, 
13865L, 9755L, 97748L, 361989L, 426069L, 400803L, 344091L, 244861L, 
187901L, 161566L, 138939L, 131403L, 99896L, 96870L, 81151L, 64462L, 
55573L, 35853L, 23625L, 13855L, 34537L, 128739L, 145219L, 133283L, 
108682L, 79766L, 63968L, 52485L, 45205L, 39463L, 29807L, 26606L, 
21730L, 18087L, 18905L, 12233L, 7292L, 3911L, 20504L, 71955L, 
84211L, 78084L, 64718L, 44610L, 35465L, 29573L, 25019L, 21172L, 
16800L, 14803L, 13285L, 10466L, 10840L, 7707L, 4683L, 2955L, 
169213L, 606352L, 684987L, 628735L, 523837L, 396003L, 303508L, 
254780L, 217077L, 198959L, 153193L, 139761L, 108193L, 87916L, 
82240L, 54884L, 31509L, 20335L, 195657L, 711480L, 835655L, 830173L, 
795709L, 661678L, 512037L, 406797L, 343706L, 319025L, 264051L, 
225426L, 175148L, 135000L, 114372L, 70156L, 41758L, 26945L, 31262L, 
112725L, 126989L, 125264L, 122565L, 105700L, 83082L, 60569L, 
49185L, 45459L, 38851L, 33624L, 24672L, 19277L, 16549L, 11302L, 
7089L, 4303L, 135961L, 495568L, 580466L, 569805L, 597436L, 574956L, 
492473L, 405546L, 325978L, 308557L, 264134L, 237118L, 177963L, 
129883L, 96792L, 62828L, 36862L, 24603L, 341157L, 1206246L, 1350747L, 
1279253L, 1325666L, 1353470L, 1176465L, 947006L, 744406L, 664636L, 
547985L, 487062L, 361214L, 266562L, 203162L, 130736L, 77895L, 
50748L, 109389L, 410541L, 503255L, 501577L, 455664L, 359834L, 
294921L, 244399L, 206914L, 189478L, 153424L, 128799L, 96791L, 
70699L, 55879L, 34998L, 20192L, 12044L, 51813L, 186705L, 223809L, 
231188L, 228393L, 189202L, 151491L, 120734L, 94457L, 83374L, 
67625L, 58476L, 46518L, 34959L, 26933L, 16780L, 10188L, 6428L, 
94171L, 348805L, 410637L, 426990L, 444170L, 392258L, 330796L, 
275089L, 226213L, 203755L, 174226L, 152283L, 117876L, 92008L, 
71159L, 44942L, 26581L, 17372L, 21208L, 78910L, 94458L, 88717L, 
83191L, 67289L, 54508L, 44437L, 37520L, 34879L, 27378L, 22552L, 
16518L, 12534L, 10079L, 5881L, 3503L, 2124L, 19389L, 72135L, 
83167L, 74456L, 65862L, 58035L, 47463L, 37976L, 31721L, 27764L, 
21005L, 16928L, 12258L, 9821L, 7677L, 4097L, 2373L, 1444L, 46897L, 
177408L, 210162L, 201933L, 185791L, 154070L, 125207L, 101443L, 
87340L, 78270L, 59741L, 48337L, 36160L, 26859L, 20537L, 12841L, 
7483L, 4331L, 20305L, 68411L, 69784L, 64630L, 64098L, 62929L, 
54872L, 43537L, 33907L, 30590L, 20522L, 15300L, 10086L, 6131L, 
4396L, 2187L, 1162L, 573L),