structure(list(cod = c(1, 1, 1, 1, 1, 1, 1, 1, 1, 1, 1, 1, 1, 
1, 1, 1, 1), pop1 = c(1388350L, 1113675L, 878429L, 854078L, 827614L, 
654465L, 477562L, 428395L, 303147L, 282098L, 212060L, 174234L, 
125096L, 109288L, 50607L, 42858L, 35430L), pop2 = c(1963660L, 
1615244L, 1183939L, 991323L, 986526L, 841416L, 667865L, 556191L, 
389087L, 328660L, 283288L, 208657L, 159557L, 127794L, 81329L, 
61012L, 59985L), deaths = c(88248L, 11424L, 5677L, 6123L, 7280L, 
7212L, 6426L, 5419L, 4385L, 3765L, 3988L, 2566L, 3686L, 2536L, 
2575L, 1710L, 3624L), age = c(0L, 5L, 10L, 15L, 20L, 25L, 30L, 
35L, 40L, 45L, 50L, 55L, 60L, 65L, 70L, 75L, 80L), sex = c("f", 
"f", "f", "f", "f", "f", "f", "f", "f", "f", "f", "f", "f", "f", 
"f", "f", "f"), year1 = c(1997L, 1997L, 1997L, 1997L, 1997L, 
1997L, 1997L, 1997L, 1997L, 1997L, 1997L, 1997L, 1997L, 1997L, 
1997L, 1997L, 1997L), year2 = c(2007L, 2007L, 2007L, 2007L, 2007L, 
2007L, 2007L, 2007L, 2007L, 2007L, 2007L, 2007L, 2007L, 2007L, 
2007L, 2007L, 2007L)), .Names = c("cod", "pop1", "pop2", "deaths", 
"age", "sex", "year1", "year2"), class = "data.frame", row.names = c(NA, 
17L))
