BrasilFemales <- structure(list(cod = c(11L, 11L, 11L, 11L, 11L, 11L, 11L, 11L, 
11L, 11L, 11L, 11L, 11L, 11L, 11L, 11L, 11L, 11L, 12L, 12L, 12L, 
12L, 12L, 12L, 12L, 12L, 12L, 12L, 12L, 12L, 12L, 12L, 12L, 12L, 
12L, 12L, 13L, 13L, 13L, 13L, 13L, 13L, 13L, 13L, 13L, 13L, 13L, 
13L, 13L, 13L, 13L, 13L, 13L, 13L, 14L, 14L, 14L, 14L, 14L, 14L, 
14L, 14L, 14L, 14L, 14L, 14L, 14L, 14L, 14L, 14L, 14L, 14L, 15L, 
15L, 15L, 15L, 15L, 15L, 15L, 15L, 15L, 15L, 15L, 15L, 15L, 15L, 
15L, 15L, 15L, 15L, 16L, 16L, 16L, 16L, 16L, 16L, 16L, 16L, 16L, 
16L, 16L, 16L, 16L, 16L, 16L, 16L, 16L, 16L, 17L, 17L, 17L, 17L, 
17L, 17L, 17L, 17L, 17L, 17L, 17L, 17L, 17L, 17L, 17L, 17L, 17L, 
17L, 21L, 21L, 21L, 21L, 21L, 21L, 21L, 21L, 21L, 21L, 21L, 21L, 
21L, 21L, 21L, 21L, 21L, 21L, 22L, 22L, 22L, 22L, 22L, 22L, 22L, 
22L, 22L, 22L, 22L, 22L, 22L, 22L, 22L, 22L, 22L, 22L, 23L, 23L, 
23L, 23L, 23L, 23L, 23L, 23L, 23L, 23L, 23L, 23L, 23L, 23L, 23L, 
23L, 23L, 23L, 24L, 24L, 24L, 24L, 24L, 24L, 24L, 24L, 24L, 24L, 
24L, 24L, 24L, 24L, 24L, 24L, 24L, 24L, 25L, 25L, 25L, 25L, 25L, 
25L, 25L, 25L, 25L, 25L, 25L, 25L, 25L, 25L, 25L, 25L, 25L, 25L, 
26L, 26L, 26L, 26L, 26L, 26L, 26L, 26L, 26L, 26L, 26L, 26L, 26L, 
26L, 26L, 26L, 26L, 26L, 27L, 27L, 27L, 27L, 27L, 27L, 27L, 27L, 
27L, 27L, 27L, 27L, 27L, 27L, 27L, 27L, 27L, 27L, 28L, 28L, 28L, 
28L, 28L, 28L, 28L, 28L, 28L, 28L, 28L, 28L, 28L, 28L, 28L, 28L, 
28L, 28L, 29L, 29L, 29L, 29L, 29L, 29L, 29L, 29L, 29L, 29L, 29L, 
29L, 29L, 29L, 29L, 29L, 29L, 29L, 31L, 31L, 31L, 31L, 31L, 31L, 
31L, 31L, 31L, 31L, 31L, 31L, 31L, 31L, 31L, 31L, 31L, 31L, 32L, 
32L, 32L, 32L, 32L, 32L, 32L, 32L, 32L, 32L, 32L, 32L, 32L, 32L, 
32L, 32L, 32L, 32L, 33L, 33L, 33L, 33L, 33L, 33L, 33L, 33L, 33L, 
33L, 33L, 33L, 33L, 33L, 33L, 33L, 33L, 33L, 35L, 35L, 35L, 35L, 
35L, 35L, 35L, 35L, 35L, 35L, 35L, 35L, 35L, 35L, 35L, 35L, 35L, 
35L, 41L, 41L, 41L, 41L, 41L, 41L, 41L, 41L, 41L, 41L, 41L, 41L, 
41L, 41L, 41L, 41L, 41L, 41L, 42L, 42L, 42L, 42L, 42L, 42L, 42L, 
42L, 42L, 42L, 42L, 42L, 42L, 42L, 42L, 42L, 42L, 42L, 43L, 43L, 
43L, 43L, 43L, 43L, 43L, 43L, 43L, 43L, 43L, 43L, 43L, 43L, 43L, 
43L, 43L, 43L, 50L, 50L, 50L, 50L, 50L, 50L, 50L, 50L, 50L, 50L, 
50L, 50L, 50L, 50L, 50L, 50L, 50L, 50L, 51L, 51L, 51L, 51L, 51L, 
51L, 51L, 51L, 51L, 51L, 51L, 51L, 51L, 51L, 51L, 51L, 51L, 51L, 
52L, 52L, 52L, 52L, 52L, 52L, 52L, 52L, 52L, 52L, 52L, 52L, 52L, 
52L, 52L, 52L, 52L, 52L, 53L, 53L, 53L, 53L, 53L, 53L, 53L, 53L, 
53L, 53L, 53L, 53L, 53L, 53L, 53L, 53L, 53L, 53L), pop1 = c(15254L, 
60667L, 75921L, 72908L, 63709L, 54787L, 48988L, 40277L, 31997L, 
23091L, 17063L, 13250L, 10200L, 7423L, 4940L, 2690L, 1719L, 1313L, 
6186L, 24290L, 31089L, 29548L, 23853L, 19178L, 15858L, 13059L, 
10944L, 8355L, 6228L, 4794L, 3633L, 3102L, 2342L, 1591L, 1152L, 
942L, 27554L, 121602L, 157334L, 148346L, 122171L, 96779L, 83117L, 
70379L, 55303L, 42088L, 30731L, 24275L, 18495L, 15370L, 11814L, 
7395L, 5133L, 4692L, 2849L, 11725L, 14588L, 12695L, 10815L, 9746L, 
9104L, 7258L, 5558L, 3822L, 2570L, 1998L, 1418L, 1170L, 922L, 
503L, 323L, 322L, 69065L, 282367L, 354800L, 333845L, 281994L, 
228428L, 189302L, 159626L, 131668L, 101412L, 79640L, 62778L, 
49527L, 40453L, 30381L, 20977L, 16051L, 15324L, 4521L, 17861L, 
22274L, 20326L, 17028L, 13481L, 11241L, 9255L, 7332L, 5248L, 
4199L, 3221L, 2430L, 1909L, 1335L, 924L, 704L, 921L, 12319L, 
49125L, 64571L, 62962L, 50784L, 40148L, 34175L, 28292L, 24219L, 
19368L, 15612L, 12875L, 10254L, 7867L, 6123L, 4342L, 3080L, 2879L, 
70787L, 290949L, 374431L, 344666L, 268948L, 211496L, 176811L, 
147844L, 127768L, 104884L, 84164L, 70806L, 58422L, 45763L, 39466L, 
28582L, 19756L, 17845L, 31534L, 137161L, 180316L, 177578L, 153084L, 
117393L, 100041L, 82166L, 70083L, 59695L, 48251L, 40532L, 34152L, 
27930L, 22322L, 15745L, 12134L, 10742L, 75998L, 334630L, 414644L, 
396412L, 350924L, 295715L, 266110L, 209038L, 180426L, 160375L, 
127147L, 113268L, 91493L, 80370L, 68051L, 44415L, 34202L, 33186L, 
27151L, 121521L, 152909L, 145979L, 131201L, 115204L, 105147L, 
82433L, 66927L, 61350L, 47692L, 42068L, 33044L, 30131L, 27065L, 
18799L, 14275L, 13953L, 37347L, 157766L, 203693L, 203948L, 182436L, 
146648L, 125306L, 99905L, 88720L, 79522L, 65902L, 60538L, 48255L, 
45081L, 39869L, 29081L, 21012L, 19528L, 80908L, 340216L, 441690L, 
443394L, 407349L, 339492L, 296579L, 244062L, 213771L, 184668L, 
148690L, 134490L, 105733L, 95571L, 77711L, 55964L, 37977L, 36874L, 
32053L, 134628L, 172185L, 166859L, 148752L, 121912L, 99581L, 
80319L, 70440L, 57646L, 46039L, 38111L, 31631L, 27386L, 21081L, 
15436L, 10930L, 10608L, 18032L, 76767L, 98496L, 96418L, 85838L, 
73541L, 62512L, 49464L, 41436L, 34450L, 27470L, 22418L, 19441L, 
16412L, 13631L, 9760L, 7196L, 8089L, 133512L, 582928L, 810301L, 
804257L, 672464L, 547050L, 462705L, 391102L, 326236L, 277438L, 
223752L, 188224L, 154940L, 132736L, 105716L, 78365L, 57446L, 
60912L, 163470L, 677363L, 888222L, 899989L, 798986L, 731929L, 
694943L, 613399L, 524057L, 422031L, 339940L, 289058L, 251580L, 
214886L, 162803L, 113231L, 79590L, 74291L, 27153L, 115340L, 151857L, 
151748L, 132702L, 123483L, 117850L, 104737L, 88441L, 66402L, 
50560L, 43124L, 37794L, 31842L, 22657L, 15206L, 11038L, 11127L, 
110635L, 455173L, 601132L, 626835L, 587479L, 581590L, 600629L, 
568189L, 513828L, 425776L, 331415L, 290233L, 255402L, 232501L, 
170725L, 117022L, 81849L, 79692L, 294388L, 1238555L, 1643157L, 
1613628L, 1482628L, 1475811L, 1488228L, 1371897L, 1187823L, 954528L, 
738625L, 616988L, 526842L, 461819L, 342567L, 232514L, 159829L, 
145109L, 91998L, 361762L, 464230L, 467030L, 439870L, 413356L, 
389322L, 335183L, 288791L, 230340L, 184549L, 149531L, 127974L, 
105635L, 77109L, 51444L, 34213L, 28562L, 49641L, 196380L, 250454L, 
241106L, 223000L, 215541L, 217399L, 187290L, 156780L, 125038L, 
95411L, 77553L, 66147L, 56788L, 42713L, 29420L, 19193L, 16426L, 
88479L, 350414L, 463760L, 445412L, 400123L, 396400L, 420291L, 
387982L, 343488L, 288038L, 229485L, 194979L, 171934L, 151833L, 
114285L, 83959L, 58256L, 53507L, 20687L, 82709L, 106040L, 103383L, 
93139L, 84993L, 82472L, 69862L, 57613L, 44405L, 35264L, 27658L, 
22650L, 17640L, 12921L, 8641L, 6075L, 5186L, 25192L, 99940L, 
126709L, 124228L, 111409L, 99127L, 90930L, 75239L, 60547L, 45016L, 
34305L, 26213L, 19844L, 14798L, 9954L, 6454L, 4313L, 3785L, 42830L, 
173746L, 228622L, 235007L, 222656L, 204716L, 187942L, 159024L, 
132497L, 102673L, 81332L, 64211L, 53127L, 41550L, 30048L, 19225L, 
12989L, 11203L, 18167L, 68169L, 90466L, 93144L, 93640L, 94499L, 
86536L, 69427L, 59246L, 46137L, 33867L, 25353L, 18268L, 13291L, 
9166L, 5809L, 4045L, 3314L),